1571815
1571817
1571819
1571820
1571825
1571827
1571832
1571837
1571839
1571840
1571840
1571843
1571845
1571847
1571849
1571851
1571852
1571853
1571863
1571865
1571865
1571868
1571878
1571880
1571884
1571886
1571887
1571892
1571893
1572011
1572014
1572019
1572022
1572024
1572024
1572025
1572027
1572032
1572035
1572036
1572042
1572042
1572042
1572043
1572044
1572046
1572047
1572049
1572051
1572057
1572067
1572067
1572070
1572075
1572079
1572082
1572087
1572088
1572089
1572091
1572092
1572097
1572098
1572099
1572100
1572100
1572101
1572105
1572108
1572109
1572112
1572120
1572124
1572126
1572127
1572127
1572127
1572129
1572129
1572129
1572129
1572131
1572131
1572133
1572134
1572138
1572138
1572148
1572152
1572155
1572157
1572157
1572159
1572159
1572160
1572160
1572164
1572164
1572164
1572166
1572170
1572173
1572178
1572180
1572183
1572184
1572186
1572193
1572195
1572200
1572200
1572205
1572205
1572209
1572212
1572213
1572215
1572218
1572222
1572225
1572226
1572234
1572240
1572241
1572242
1572245
1572245
1572246
1572250
1572252
1572257
1572261
1572262
1572262
1572266
1572268
1572270
1572278
1572279
1572283
1572288
1572289
1572290
1572294
1572295
1572296
1572297
1572299
1572299
1572301
1572304
1572305
1572305
1572308
1572308
1572311
1572312
1572313
1572313
1572315
1572315
1572320
1572324
1572325
1572329
1572330
1572330
1572331
1572332
1572334
1572334
1572340
1572344
1572345
1572349
1572354
1572356
1572362
1572363
1572363
1572364
1572369
1572371
1572372
1572373
1572373
1572374
1572378
1572383
1572392
1572393
1572394
1572396
1572402
1572404
1572409
1572409
1572413
1572413
1572415
1572416
1572417
1572420
1572421
1572423
1572432
1572434
1572437
1572439
1572442
1572445
1572452
1572454
1572455
1572455
1572460
1572460
1572463
1572470
1572482
1572483
1572483
1572486
1572486
1572488
1572494
1572498
1572505
1572511
1572512
1572517
1572517
1572518
1572518
1572522
1572523
1572525
1572525
1572527
1572529
1572532
1572534
1572535
1572536
1572538
1572542
1572543
1572554
1572557
1572559
1572561
1572561
1572561
1572564
1572566
1572568
1572569
1572573
1572575
1572577
1572579
1572590
1572590
1572590
1572594
1572596
1572598
1572600
1572601
1572605
1572606
1572607
1572607
1572611
1572612
1572613
1572618
1572619
1572621
1572622
1572624
1572630
1572631
1572633
1572635
1572636
1572637
1572637
1572638
1572643
1572645
1572646
1572647
1572648
1572650
1572654
1572655
1572657
1572658
1572658
1572659
1572659
1572666
1572667
1572671
1572671
1572672
1572673
1572676
1572678
1572680
1572684
1572685
1572687
1572687
1572696
1572700
1572700
1572701
1572701
1572711
1572714
1572715
1572715
1572718
1572718
1572719
1572719
1572721
1572723
1572723
1572725
1572725
1572727
1572728
1572734
1572734
1572737
1572739
1572741
1572743
1572747
1572747
1572749
1572752
1572754
1572759
1572760
1572760
1572760
1572769
1572769
1572770
1572770
1572770
1572774
1572775
1572776
1572784
1572786
1572787
1572788
1572790
1572790
1572790
1572793
1572796
1572797
1572800
1572805
1572806
1572809
1572812
1572827
1572829
1572829
1572830
1572833
1572834
1572836
1572837
1572838
1572841
1572844
1572849
1572852
1572852
1572854
1572859
1572864
1572864
1572865
1572866
1572867
1572867
1572870
1572872
1572878
1572880
1572880
1572885
1572886
1572888
1572889
1572890
1572892
1572893
1572894
1572896
1572899
1572900
1572902
1572904
1572905
1572908
1572914
1572919
1572919
1572919
1572921
1572926
1572926
1572929
1572930
1572936
1572939
1572939
1572959
1572960
1572961
1572965
1572965
1572973
1572973
1572975
1572977
1572980
1572982
1572982
1572982
1572986
1572989
1572991
1572992
1572992
1572996
1572998
1573008
1573009
1573010
1573014
1573015
1573016
1573017
1573022
1573024
1573024
1573025
1573027
1573032
1573033
1573037
1573039
1573040
1573046
1573050
1573054
1573055
1573057
1573059
1573061
1573066
1573067
1573075
1573077
1573078
1573079
1573079
1573084
1573085
1573088
1573088
1573090
1573093
1573096
1573103
1573105
1573108
1573108
1573115
1573117
1573119
1573121
1573126
1573126
1573133
1573136
1573138
1573139
1573143
1573150
1573154
1573156
1573156
1573169
1573184
1573188
1573189
1573193
1573196
1573198
1573200
1573201
1573205
1573208
1573210
1573210
1573215
1573220
1573220
1573220
1573220
1573226
1573226
1573229
1573235
1573236
1573248
1573250
1573251
1573252
1573253
1573253
1573254
1573258
1573259
1573264
1573264
1573271
1573272
1573274
1573274
1573276
1573280
1573285
1573285
1573287
1573288
1573289
1573289
1573296
1573300
1573301
1573305
1573307
1573309
1573310
1573311
1573312
1573315
1573319
1573321
1573326
1573327
1573328
1573330
1573331
1573334
1573335
1573335
1573335
1573341
1573344
1573348
1573349
1573351
1573354
1573356
1573358
1573359
1573369
1573371
1573372
1573374
1573374
1573383
1573384
1573388
1573388
1573389
1573389
1573390
1573391
1573394
1573398
1573403
1573410
1573413
1573416
1573419
1573427
1573428
1573428
1573431
1573434
1573434
1573437
1573439
1573445
1573446
1573446
1573447
1573448
1573448
1573449
1573451
1573454
1573458
1573458
1573460
1573464
1573466
1573466
1573466
1573470
1573470
1573478
1573480
1573481
1573485
1573485
1573487
1573487
1573489
1573493
1573499
1573499
1573501
1573506
1573507
1573508
1573510
1573512
1573512
1573513
1573519
1573520
1573520
1573522
1573524
1573526
1573533
1573535
1573536
1573536
1573537
1573538
1573539
1573542
1573544
1573546
1573550
1573554
1573555
1573555
1573561
1573561
1573563
1573565
1573567
1573574
1573577
1573580
1573591
1573597
1573604
1573607
1573610
1573617
1573619
1573620
1573622
1573625
1573629
1573631
1573633
1573633
1573634
1573637
1573638
1573640
1573644
1573644
1573645
1573653
1573655
1573655
1573656
1573662
1573664
1573664
1573666
1573670
1573671
1573679
1573679
1573680
1573681
1573683
1573695
1573699
1573721
1573731
1573731
1573733
1573740
1573742
1573744
1573752
1573754
1573758
1573770
1573772
1573778
1573779
1573781
1573784
1573793
1573795
1573798
1573798
1573799
1573803
1573814
1573814
1573817
1573817
1573819
1573820
1573823
1573827
1573828
1573830
1573832
1573844
1573849
1573849
1573852
1573852
1573861
1573872
1573875
1573889
1573891
1573892
1573895
1573901
1573911
1573920
1573924
1573937
1573942
1573944
1573944
1573946
1573949
1573950
1573953
1573954
1573954
1573954
1573956
1573958
1573960
1573965
1573969
1573981
1573983
1573984
1573987
1573989
1573989
1573992
1573994
1574002
1574002
1574009
1574009
1574009
1574011
1574024
1574025
1574028
1574029
1574033
1574036
1574038
1574038
1574042
1574044
1574050
1574057
1574059
1574062
1574062
1574074
1574076
1574078
1574083
1574084
1574084
1574086
1574088
1574090
1574094
1574101
1574105
1574107
1574109
1574110
1574112
1574119
1574121
1574123
1574123
1574129
1574129
1574130
1574130
1574148
1574148
1574155
1574159
1574169
1574169
1574176
1574181
1574182
1574183
1574185
1574189
1574192
1574192
1574213
1574218
1574221
1574222
1574226
1574231
1574241
1574243
1574246
1574251
1574253
1574257
1574257
1574257
1574269
1574270
1574273
1574275
1574280
1574284
1574290
1574296
1574309
1574317
1574320
1574328
1574330
1574334
1574335
1574337
1574337
1574338
1574340
1574342
1574344
1574354
1574355
1574358
1574373
1574374
1574378
1574382
1574382
1574390
1574393
1574394
1574395
1574395
1574400
1574413
1574418
1574430
1574431
1574432
1574436
1574441
1574454
1574461
1574463
1574473
1574474
1574476
1574476
1574483
1574489
1574500
1574501
1574514
1574514
1574519
1574521
1574530
1574534
1574537
1574557
1574567
1574568
1574572
1574573
1574580
1574585
1574588
1574588
1574596
1574598
1574602
1574602
1574603
1574605
1574612
1574618
1574626
1574627
1574636
1574638
1574640
1574646
1574649
1574653
1574659
1574660
1574662
1574664
1574666
1574666
1574673
1574675
1574677
1574688
1574690
1574693
1574698
1574702
1574703
1574707
1574713
1574721
1574723
1574724
1574728
1574737
1574740
1574746
1574749
1574756
1574762
1574764
1574765
1574766
1574774
1574775
1574777
1574780
1574780
1574783
1574784
1574796
1574800
1574802
1574803
1574806
1574823
1574824
1574827
1574830
1574838
1574841
1574843
1574845
1574847
1574852
1574852
1574854
1574859
1574863
1574868
1574868
1574869
1574871
1574875
1574888
1574897
1574903
1574915
1574920
1574923
1574927
1574934
1574935
1574938
1574942
1574943
1574944
1574949
1574952
1574952
1574952
1574953
1574953
1574955
1574956
1574958
1574959
1574962
1574964
1574968
1574969
1574971
1574974
1574975
1574978
1574979
1574983
1574984
1574984
1574988
1574989
1574999
1575001
1575003
1575010
1575013
1575014
1575020
1575024
1575027
1575027
1575033
1575037
1575052
1575056
1575062
1575079
1575080
1575083
1575099
1575101
1575102
1575106
1575106
1575111
1575116
1575124
1575125
1575141
1575141
1575144
1575147
1575147
1575154
1575167
1575182
1575182
1575183
1575185
1575190
1575191
1575195
1575199
1575201
1575203
1575208
1575212
1575216
1575216
1575221
1575238
1575253
1575256
1575257
1575260
1575261
1575275
1575276
1575278
1575287
1575298
1575300
1575301
1575309
1575318
1575322
1575322
1575329
1575330
1575340
1575341
1575350
1575355
1575361
1575363
1575367
1575371
1575375
1575384
1575395
1575396
1575404
1575405
1575405
1575406
1575411
1575412
1575423
1575423
1575437
1575442
1575442
1575442
1575443
1575445
1575450
1575451
1575452
1575459
1575462
1575473
1575476
1575482
1575482
1575487
1575495
1575502
1575502
1575512
1575516
1575526
1575537
1575540
1575540
1575547
1575550
1575554
1575554
1575561
1575564
1575569
1575583
1575584
1575586
1575592
1575593
1575595
1575599
1575599
1575600
1575601
1575607
1575611
1575612
1575620
1575621
1575625
1575629
1575629
1575630
1575634
1575635
1575645
1575652
1575653
1575655
1575659
1575664
1575665
1575672
1575686
1575686
1575690
1575691
1575695
1575695
1575699
1575702
1575704
1575705
1575708
1575717
1575719
1575723
1575724
1575724
1575736
1575742
1575746
1575751
1575752
1575755
1575757
1575759
1575762
1575766
1575774
1575779
1575784
1575788
1575788
1575791
1575793
1575793
1575797
1575798
1575803
1575807
1575811
1575813
1575814
1575829
1575831
1575839
1575840
1575844
1575850
1575863
1575869
1575873
1575878
1575880
1575886
1575886
1575893
1575900
1575904
1575904
1575906
1575909
1575910
1575927
1575932
1575935
1575936
1575938
1575945
1575951
1575953
1575957
1575966
1575966
1575966
1575967
1575972
1575973
1575973
1575984
1575988
1576004
1576007
1576008
1576020
1576021
1576026
1576034
1576038
1576041
1576045
1576052
1576054
1576055
1576056
1576057
1576060
1576065
1576066
1576066
1576066
1576068
1576069
1576073
1576077
1576080
1576083
1576091
1576106
1576113
1576116
1576122
1576121
1576123
1576125
1576126
1576127
1576129
1576130
1576135
1576137
1576143
1576145
1576151
1576154
1576155
1576157
1576160
1576162
1576173
1576176
1576184
1576186
1576194
1576202
1576206
1576208
1576208
1576210
1576216
1576225
1576227
1576229
1576231
1576233
1576243
1576248
1576254
1576255
1576261
1576266
1576269
1576277
1576282
1576284
1576294
1576296
1576298
1576300
1576311
1576311
1576313
1576318
1576318
1576319
1576337
1576337
1576343
1576343
1576347
1576348
1576350
1576355
1576355
1576356
1576357
1576359
1576362
1576366
1576368
1576374
1576377
1576380
1576380
1576381
1576392
1576393
1576397
1576397
1576398
1576407
1576410
1576417
1576417
1576418
1576430
1576432
1576435
1576436
1576438
1576439
1576446
1576453
1576455
1576457
1576458
1576461
1576464
1576466
1576466
1576467
1576468
1576474
1576477
1576484
1576495
1576498
1576501
1576506
1576507
1576513
1576513
1576519
1576522
1576525
1576526
1576529
1576533
1576535
1576536
1576538
1576539
1576541
1576548
1576549
1576550
1576552
1576556
1576558
1576560
1576562
1576566
1576575
1576578
1576586
1576586
1576587
1576588
1576589
1576589
1576589
1576590
1576594
1576597
1576597
1576601
1576602
1576605
1576608
1576610
1576611
1576616
1576616
1576619
1576624
1576627
1576631
1576634
1576635
1576637
1576642
1576645
1576646
1576646
1576648
1576655
1576657
1576658
1576658
1576660
1576663
1576663
1576664
1576665
1576667
1576667
1576668
1576673
1576676
1576677
1576682
1576683
1576684
1576689
1576690
1576691
1576695
1576695
1576696
1576698
1576707
1576707
1576708
1576708
1576716
1576721
1576724
1576724
1576725
1576730
1576732
1576733
1576735
1576735
1576738
1576742
1576746
1576747
1576749
1576753
1576757
1576762
1576766
1576769
1576771
1576777
1576781
1576781
1576783
1576788
1576789
1576789
1576790
1576791
1576792
1576794
1576796
1576797
1576801
1576802
1576806
1576809
1576812
1576816
1576821
1576832
1576835
1576836
1576838
1576839
1576841
1576843
1576844
1576845
1576851
1576854
1576862
1576865
1576875
1576883
1576884
1576885
1576886
1576889
1576889
1576892
1576899
1576905
1576905
1576909
1576915
1576920
1576924
1576926
1576927
1576928
1576928
1576929
1576930
1576932
1576936
1576936
1576945
1576946
1576946
1576949
1576949
1576949
1576955
1576963
1576972
1576972
1576974
1576977
1576978
1576978
1576979
1576981
1576986
1576989
1576997
1577001
1577002
1577004
1577006
1577008
1577010
1577010
1577016
1577027
1577029
1577033
1577034
1577034
1577040
1577040
1577043
1577051
1577053
1577062
1577063
1577067
1577068
1577083
1577095
1577098
1577101
1577112
1577113
1577116
1577121
1577131
1577137
1577137
1577138
1577138
1577140
1577141
1577142
1577142
1577144
1577145
1577153
1577162
1577166
1577169
1577170
1577179
1577181
1577185
1577187
1577190
1577190
1577191
1577194
1577196
1577196
1577201
1577202
1577203
1577204
1577204
1577205
1577206
1577206
1577216
1577216
1577219
1577223
1577227
1577234
1577237
1577238
1577243
1577247
1577248
1577250
1577253
1577254
1577261
1577263
1577264
1577265
1577268
1577272
1577272
1577273
1577275
1577280
1577281
1577282
1577286
1577289
1577292
1577295
1577298
1577303
1577306
1577307
1577309
1577311
1577317
1577317
1577322
1577331
1577331
1577335
1577336
1577337
1577345
1577348
1577351
1577352
1577355
1577355
1577355
1577358
1577359
1577361
1577369
1577375
1577376
1577379
1577379
1577381
1577390
1577393
1577402
1577402
1577407
1577409
1577415
1577417
1577423
1577424
1577437
1577438
1577442
1577449
1577449
1577450
1577452
1577454
1577466
1577466
1577471
1577473
1577473
1577477
1577478
1577486
1577487
1577492
1577499
1577517
1577520
1577526
1577532
1577539
1577541
1577558
1577568
1577579
1577586
1577590
1577595
1577598
1577601
1577613
1577625
1577631
1577637
1577648
1577657
1577660
1577674
1577675
1577675
1577677
1577677
1577683
1577684
1577685
1577688
1577692
1577694
1577694
1577695
1577696
1577703
1577721
1577723
1577726
1577726
1577727
1577729
1577734
1577738
1577741
1577750
1577757
1577758
1577767
1577768
1577768
1577781
1577791
1577794
1577796
1577798
1577798
1577799
1577801
1577802
1577803
1577806
1577809
1577809
1577809
1577814
1577817
1577819
1577821
1577823
1577825
1577825
1577827
1577828
1577831
1577841
1577841
1577844
1577847
1577853
1577854
1577856
1577859
1577862
1577862
1577864
1577865
1577865
1577865
1577873
1577879
1577881
1577881
1577884
1577885
1577885
1577889
1577892
1577893
1577894
1577895
1577895
1577896
1577896
1577897
1577899
1577902
1577902
1577904
1577905
1577906
1577908
1577908
1577909
1577909
1577915
1577916
1577916
1577917
1577918
1577920
1577924
1577925
1577933
1577943
1577943
1577950
1577951
1577956
1577956
1577957
1577958
1577959
1577972
1577974
1577975
1577976
1577976
1577978
1577988
1577990
1577995
1577996
1578002
1578003
1578004
1578007
1578014
1578016
1578022
1578024
1578025
1578029
1578030
1578030
1578031
1578033
1578036
1578041
1578048
1578057
1578062
1578064
1578065
1578067
1578068
1578080
1578082
1578085
1578087
1578087
1578088
1578088
1578089
1578098
1578099
1578099
1578102
1578101
1578105
1578106
1578107
1578107
1578108
1578109
1578110
1578112
1578114
1578117
1578118
1578119
1578120
1578121
1578122
1578122
1578124
1578126
1578127
1578132
1578135
1578137
1578141
1578146
1578146
1578149
1578150
1578151
1578151
1578153
1578157
1578173
1578173
1578182
1578183
1578184
1578185
1578187
1578189
1578191
1578198
1578211
1578211
1578216
1578218
1578224
1578229
1578230
1578250
1578253
1578254
1578254
1578259
1578261
1578263
1578265
1578266
1578272
1578274
1578278
1578281
1578284
1578290
1578294
1578295
1578303
1578303
1578319
1578322
1578324
1578324
1578327
1578329
1578329
1578334
1578335
1578335
1578342
1578344
1578350
1578354
1578364
1578366
1578387
1578389
1578393
1578400
1578402
1578405
1578407
1578409
1578415
1578420
1578426
1578429
1578432
1578438
1578445
1578449
1578450
1578453
1578468
1578474
1578474
1578481
1578481
1578488
1578490
1578495
1578498
1578500
1578500
1578510
1578514
1578514
1578515
1578517
1578518
1578522
1578522
1578523
1578524
1578524
1578526
1578528
1578529
1578529
1578531
1578532
1578549
1578550
1578559
1578561
1578562
1578565
1578566
1578570
1578571
1578576
1578587
1578603
1578604
1578610
1578616
1578620
1578620
1578625
1578629
1578634
1578639
1578642
1578644
1578647
1578655
1578656
1578661
1578667
1578674
1578681
1578691
1578692
1578696
1578710
1578717
1578722
1578730
1578739
1578744
1578744
1578746
1578747
1578749
1578756
1578757
1578764
1578765
1578768
1578771
1578775
1578778
1578779
1578781
1578784
1578785
1578785
1578794
1578805
1578819
1578830
1578836
1578841
1578848
1578859
1578873
1578876
1578890
1578902
1578904
1578908
1578913
1578914
1578925
1578935
1578946
1578954
1578961
1578961
1578965
1578971
1578971
1578975
1578976
1578983
1578987
1578989
1578995
1578998
1578999
1579011
1579013
1579015
1579016
1579027
1579029
1579031
1579038
1579047
1579051
1579052
1579052
1579055
1579060
1579065
1579066
1579085
1579099
1579099
1579106
1579108
1579109
1579110
1579113
1579127
1579149
1579159
1579178
1579179
1579187
1579188
1579189
1579193
1579212
1579212
1579230
1579237
1579238
1579241
1579243
1579250
1579251
1579255
1579255
1579256
1579264
1579268
1579270
1579270
1579275
1579279
1579279
1579280
1579280
1579283
1579289
1579290
1579301
1579303
1579308
1579315
1579334
1579339
1579339
1579345
1579345
1579350
1579351
1579354
1579369
1579380
1579387
1579392
1579399
1579405
1579414
1579415
1579415
1579422
1579425
1579427
1579434
1579469
1579473
1579479
1579481
1579482
1579485
1579490
1579491
1579492
1579495
1579501
1579503
1579508
1579516
1579517
1579519
1579529
1579535
1579536
1579542
1579544
1579544
1579545
1579548
1579556
1579558
1579574
1579577
1579578
1579579
1579582
1579588
1579600
1579605
1579606
1579611
1579613
1579628
1579630
1579647
1579649
1579653
1579661
1579671
1579672
1579675
1579678
1579691
1579692
1579696
1579698
1579711
1579713
1579717
1579738
1579741
1579744
1579752
1579752
1579753
1579753
1579759
1579759
1579767
1579769
1579770
1579782
1579783
1579787
1579791
1579792
1579796
1579800
1579803
1579805
1579809
1579816
1579823
1579826
1579827
1579839
1579840
1579840
1579843
1579857
1579860
1579860
1579865
1579875
1579879
1579880
1579902
1579903
1579913
1579925
1579930
1579942
1579945
1579953
1579955
1579967
1579968
1579975
1579976
1579983
1579991
1579994
1580011
1580012
1580019
1580033
1580048
1580052
1580054
1580060
1580061
1580067
1580069
1580075
1580076
1580083
1580097
1580102
1580104
1580120
1580124
1580124
1580133
1580155
1580164
1580170
1580176
1580180
1580180
1580192
1580194
1580196
1580199
1580208
1580209
1580210
1580213
1580213
1580221
1580225
1580226
1580238
1580243
1580253
1580257
1580257
1580275
1580286
1580293
1580295
1580298
1580303
1580310
1580326
1580329
1580330
1580337
1580346
1580378
1580394
1580395
1580403
1580406
1580410
1580412
1580424
1580427
1580441
1580446
1580450
1580459
1580461
1580467
1580476
1580482
1580487
1580494
1580501
1580511
1580523
1580529
1580532
1580542
1580548
1580548
1580556
1580573
1580580
1580588
1580614
1580623
1580634
1580635
1580638
1580640
1580641
1580645
1580646
1580669
1580678
1580695
1580704
1580720
1580725
1580730
1580745
1580774
1580781
1580786
1580787
1580789
1580800
1580802
1580804
1580837
1580841
1580842
1580848
1580865
1580897
1580904
1580916
1580918
1580931
1580942
1580951
1580960
1580979
1580983
1580984
1580986
1580993
1581010
1581012
1581015
1581031
1581054
1581092
1581104
1581124
1581131
1581137
1581137
1581142
1581152
1581157
1581172
1581174
1581188
1581201
1581203
1581211
1581216
1581233
1581233
1581238
1581245
1581246
1581264
1581266
1581266
1581271
1581275
1581292
1581292
1581294
1581294
1581311
1581319
1581353
1581356
1581380
1581382
1581384
1581404
1581404
1581406
1581435
1581448
1581453
1581455
1581459
1581459
1581468
1581486
1581491
1581503
1581508
1581508
1581511
1581524
1581527
1581535
1581541
1581554
1581568
1581581
1581588
1581594
1581609
1581609
1581609
1581641
1581648
1581661
1581676
1581678
1581678
1581687
1581706
1581717
1581727
1581727
1581743
1581750
1581751
1581755
1581756
1581762
1581763
1581773
1581776
1581781
1581782
1581783
1581783
1581787
1581827
1581835
1581855
1581862
1581871
1581876
1581882
1581895
1581897
1581902
1581902
1581902
1581904
1581905
1581911
1581911
1581918
1581925
1581930
1581939
1581940
1581941
1581948
1581951
1581956
1581965
1581972
1581976
1581989
1581995
1581996
1581997
1582012
1582029
1582044
1582049
1582051
1582061
1582061
1582085
1582090
1582094
1582113
1582126
1582128
1582128
1582129
1582135
1582141
1582167
1582177
1582180
1582181
1582182
1582193
1582196
1582197
1582212
1582221
1582226
1582242
1582253
1582262
1582269
1582281
1582287
1582298
1582301
1582315
1582318
1582318
1582321
1582338
1582343
1582344
1582345
1582352
1582353
1582354
1582358
1582365
1582371
1582375
1582381
1582391
1582394
1582395
1582397
1582400
1582402
1582404
1582407
1582407
1582434
1582434
1582434
1582453
1582476
1582479
1582482
1582485
1582488
1582505
1582508
1582509
1582511
1582523
1582533
1582535
1582538
1582558
1582568
1582575
1582576
1582586
1582589
1582594
1582605
1582615
1582620
1582637
1582638
1582640
1582646
1582660
1582684
1582694
1582699
1582729
1582743
1582759
1582772
1582776
1582780
1582790
1582806
1582820
1582838
1582841
1582844
1582848
1582849
1582899
1582912
1582914
1582933
1582943
1582948
1582956
1582982
1582987
1582989
1582995
1582998
1583008
1583011
1583014
1583015
1583016
1583018
1583022
1583047
1583060
1583077
1583092
1583097
1583108
1583112
1583138
1583138
1583160
1583160
1583177
1583179
1583190
1583192
1583199
1583205
1583217
1583228
1583237
1583244
1583265
1583297
1583303
1583307
1583311
1583319
1583321
1583350
1583356
1583369
1583377
1583396
1583400
1583402
1583404
1583407
1583439
1583463
1583467
1583469
1583470
1583471
1583500
1583502
1583507
1583513
1583520
1583528
1583528
1583529
1583530
1583554
1583558
1583569
1583576
1583612
1583613
1583614
1583619
1583628
1583629
1583631
1583634
1583645
1583646
1583652
1583655
1583655
1583656
1583666
1583669
1583674
1583674
1583686
1583691
1583700
1583701
1583703
1583708
1583711
1583743
1583772
1583786
1583796
1583804
1583821
1583828
1583846
1583851
1583865
1583867
1583868
1583877
1583883
1583889
1583897
1583901
1583937
1583952
1583971
1583972
1583975
1583977
1583977
1583985
1583989
1583997
1584005
1584009
1584012
1584026
1584031
1584031
1584046
1584064
1584068
1584068
1584069
1584082
1584091
1584091
1584116
1584140
1584163
1584172
1584180
1584204
1584205
1584224
1584224
1584241
1584242
1584242
1584254
1584267
1584293
1584312
1584325
1584350
1584362
1584368
1584371
1584372
1584377
1584394
1584400
1584401
1584409
1584411
1584414
1584428
1584443
1584454
1584458
1584472
1584477
1584497
1584519
1584544
1584555
1584566
1584567
1584585
1584585
1584618
1584652
1584656
1584668
1584690
1584717
1584771
1584775
1584791
1584796
1584808
1584814
1584824
1584870
1584896
1584898
1584905
1584911
1584939
1584942
1584944
1584950
1584971
1584995
1585052
1585064
1585089
1585140
1585143
1585143
1585159
1585221
1585231
1585260
1585328
1585348
1585353
1585367
1585440
1585450
1585467
1585471
1585508
1585523
1585543
1585565
1585621
1585631
1585637
1585673
1585692
1585787
1585823
1585895
1585924
1585980
1585989
1585990
1586007
1586008
1586062
1586068
1586193
1586219
1586220
1586223
1586233
1586264
1586273
1586277
1586284
1586341
1586366
1586379
1586403
1586463
1586505
1586523
1586533
1586548
1586568
1586583
1586587
1586608
1586611
1586615
1586645
1586674
1586754
1586787
1586803
1586878
1586881
1586890
1587003
1587011
1587015
1587042
1587046
1587090
1587096
1587107
1587126
1587149
1587150
1587152
1587194
1587327
1587328
1587329
1587346
1587355
1587386
1587402
1587411
1587416
1587419
1587476
1587482
1587546
1587590
1587607
1587610
1587681
1587690
1587707
1587711
1587718
1587732
1587748
1587771
1587817
1587826
1587861
1587899
1587957
1587965
1587967
1587969
1587970
1587995
1587998
1588019
1588021
1588031
1588060
1588086
1588092
1588100
1588114
1588145
1588150
1588162
1588197
1588225
1588254
1588275
1588276
1588285
1588297
1588310
1588324
1588341
1588346
1588358
1588369
1588414
1588451
1588459
1588465
1588481
1588489
1588489
1588496
1588510
1588561
1588573
1588620
1588622
1588648
1588716
1588788
1588806
1588822
1588853
1588871
1588897
1588905
1588982
1589010
1589040
1589051
1589104
1589121
1589126
1589162
1589170
1589180
1589186
1589190
1589203
1589222
1589225
1589229
1589232
1589262
1589270
1589333
1589334
1589385
1589435
1589439
1589448
1589450
1589476
1589480
1589486
1589518
1589561
1589573
1589602
1589664
1589668
1589695
1589739
1589749
1589751
1589759
1589811
1589813
1589817
1589967
1589974
1590062
1590062
1590087
1590089
1590101
1590105
1590113
1590122
1590143
1590146
1590205
1590218
1590230
1590252
1590271
1590289
1590301
1590355
1590387
1590472
1590500
1590503
1590508
1590524
1590534
1590535
1590613
1590630
1590633
1590640
1590660
1590714
1590761
1590780
1590906
1590917
1590977
1590979
1591018
1591033
1591043
1591061
1591068
1591072
1591089
1591133
1591143
1591174
1591182
1591443
1591447
1591448
1591453
1591461
1591466
1591484
1591501
1591504
1591515
1591520
1591537
1591543
1591578
1591583
1591586
1591621
1591720
1591723
1591748
1591778
1591786
1591794
1591815
1591862
1591881
1591934
1591957
1591972
1591976
1591991
1592007
1592009
1592042
1592046
1592054
1592081
1592095
1592098
1592119
1592129
1592163
1592238
1592281
1592282
1592300
1592306
1592318
1592331
1592344
1592346
1592360
1592360
1592360
1592360
1592370
1592377
1592381
1592381
1592399
1592408
1592409
1592410
1592415
1592422
1592424
1592483
1592504
1592513
1592524
1592536
1592549
1592556
1592589
1592617
1592645
1592681
1592717
1592783
1592864
1592879
1592967
1592972
1592992
1593045
1593119
1593131
1593133
1593142
1593211
1593309
1593346
1593467
1593521
1593537
1593594
1593633
1593712
1593714
1593734
1593781
1593813
1593829
1593869
1593895
1593895
1593934
1593941
1593945
1593953
1593961
1593985
1594010
1594071
1594145
1594201
1594230
1594338
1594355
1594357
1594357
1594391
1594462
1594496
1594514
1594523
1594535
1594560
1594606
1594608
1594644
1594649
1594665
1594716
1594728
1594752
1594768
1594786
1594806
1594865
1594891
1594906
1594937
1595002
1595017
1595030
1595080
1595098
1595158
1595168
1595269
1595327
1595343
1595438
1595500
1595541
1595673
1595684
1595701
1595711
1595740
1595742
1595753
1595763
1595764
1595776
1595785
1595786
1595801
1595811
1595822
1595900
1595901
1595916
1595932
1595957
1595964
1595970
1595971
1595981
1595983
1595985
1595990
1596072
1596083
1596129
1596220
1596230
1596286
1596294
1596306
1596337
1596341
1596374
1596423
1596435
1596579
1596612
1596618
1596703
1596730
1596756
1596759
1596786
1596872
1596891
1596935
1596974
1597009
1597057
1597078
1597084
1597121
1597124
1597125
1597173
1597186
1597290
1597311
1597380
1597395
1597402
1597402
1597417
1597434
1597435
1597445
1597537
1597574
1597597
1597795
1597946
1597962
1597981
1597987
1597994
1597998
1598002
1598007
1598013
1598023
1598029
1598036
1598091
1598123
1598150
1598151
1598153
1598157
1598159
1598166
1598218
1598228
1598237
1598277
1598293
1598301
1598310
1598317
1598394
1598403
1598405
1598411
1598417
1598423
1598429
1598431
1598439
1598495
1598507
1598510
1598540
1598547
1598547
1598563
1598571
1598727
1598727
1598779
1598793
1598822
1598832
1598875
1598894
1598956
1598959
1599054
1599153
1599293
1599298
1599314
1599325
1599331
1599334
1599343
1599398
1599734
1599742
1599780
1599836
1599918
1600031
1600038
1600049
1600068
1600082
1600098
1600113
1600128
1600239
1600394
1600401
1600460
1600501
1600538
1600598
1600678
1600715
1600892
1600910
1600939
1600940
1601006
1601008
1601061
1601088
1601126
1601435
1601454
1601457
1601476
1601529
1601559
1601573
1601588
1601594
1601606
1601617
1601657
1601669
1601674
1601697
1601721
1601733
1601769
1601818
1601856
1601866
1601869
1601903
1601960
1601994
1602146
1602156
1602159
1602179
1602183
1602196
1602214
1602220
1602269
1602274
1602337
1602349
1602355
1602364
1602376
1602382
1602420
1602481
1602493
1602518
1602538
1602558
1602585
1602587
1602647
1602677
1602695
1602695
1602700
1602735
1602766
1602772
1602774
1602815
1602816
1602823
1602832
1602845
1602860
1602882
1602884
1602894
1602906
1602973
1602988
1602990
1603014
1603031
1603064
1603065
1603066
1603082
1603133
1603163
1603184
1603220
1603221
1603229
1603239
1603252
1603253
1603295
1603296
1603343
1603352
1603371
1603385
1603409
1603410
1603412
1603415
1603465
1603480
1603507
1603515
1603542
1603547
1603551
1603559
1603595
1603595
1603610
1603630
1603642
1603662
1603668
1603685
1603714
1603728
1603737
1603754
1603769
1603841
1603846
1603900
1603925
1603935
1603940
1603942
1603944
1603950
1603999
1604025
1604053
1604077
1604164
1604186
1604271
1604290
1604308
1604336
1604399
1604437
1604458
1604459
1604471
1604473
1604496
1604507
1604524
1604544
1604556
1604563
1604613
1604638
1604672
1604680
1604697
1604714
1604739
1604774
1604808
1604830
1604867
1604892
1604898
1604930
1604935
1604966
1604969
1604999
1605004
1605028
1605034
1605039
1605044
1605047
1605080
1605089
1605098
1605100
1605127
1605150
1605182
1605186
1605186
1605195
1605196
1605219
1605219
1605262
1605317
1605364
1605376
1605397
1605422
1605423
1605433
1605435
1605442
1605448
1605451
1605455
1605456
1605459
1605472
1605485
1605486
1605506
1605512
1605520
1605520
1605521
1605537
1605558
1605574
1605591
1605607
1605619
1605630
1605640
1605677
1605697
1605709
1605731
1605778
1605790
1605793
1605799
1605860
1605863
1605880
1605889
1605903
1605914
1605928
1605931
1605949
1605957
1605959
1605959
1605973
1605993
1606000
1606004
1606013
1606031
1606035
1606042
1606062
1606077
1606077
1606078
1606082
1606083
1606088
1606134
1606185
1606192
1606201
1606237
1606242
1606269
1606271
1606273
1606279
1606375
1606446
1606446
1606486
1606491
1606525
1606526
1606551
1606569
1606570
1606585
1606608
1606611
1606623
1606624
1606652
1606653
1606717
1606751
1606772
1606808
1606820
1606821
1606882
1606913
1606913
1606920
1606921
1606925
1606930
1606942
1606967
1606980
1606994
1607008
1607018
1607027
1607037
1607042
1607064
1607086
1607119
1607123
1607125
1607127
1607129
1607130
1607155
1607157
1607165
1607173
1607195
1607196
1607216
1607239
1607242
1607327
1607364
1607381
1607403
1607412
1607417
1607418
1607432
1607441
1607455
1607465
1607466
1607491
1607497
1607516
1607545
1607561
1607571
1607573
1607576
1607582
1607596
1607597
1607602
1607608
1607620
1607625
1607643
1607647
1607654
1607655
1607671
1607691
1607699
1607703
1607714
1607725
1607755
1607758
1607767
1607771
1607783
1607813
1607816
1607832
1607846
1607860
1607879
1607894
1607908
1607913
1607921
1607938
1607944
1607979
1608006
1608013
1608024
1608025
1608040
1608060
1608074
1608129
1608131
1608131
1608135
1608144
1608163
1608165
1608173
1608240
1608251
1608260
1608271
1608277
1608306
1608320
1608331
1608334
1608346
1608349
1608350
1608370
1608445
1608461
1608482
1608496
1608522
1608556
1608570
1608594
1608601
1608606
1608623
1608645
1608676
1608682
1608684
1608688
1608696
1608718
1608807
1608820
1608824
1608836
1608843
1608844
1608846
1608853
1608853
1608856
1608861
1608880
1608927
1608934
1608936
1608945
1608952
1608975
1608980
1608996
1609022
1609058
1609065
1609106
1609106
1609112
1609134
1609136
1609151
1609152
1609159
1609180
1609183
1609190
1609191
1609193
1609200
1609203
1609209
1609211
1609220
1609222
1609228
1609231
1609231
1609232
1609239
1609256
1609261
1609266
1609269
1609274
1609341
1609350
1609359
1609385
1609390
1609394
1609398
1609411
1609444
1609456
1609467
1609475
1609479
1609481
1609508
1609517
1609522
1609524
1609531
1609532
1609534
1609548
1609552
1609565
1609567
1609573
1609583
1609586
1609598
1609616
1609619
1609621
1609638
1609648
1609656
1609661
1609696
1609708
1609712
1609741
1609747
1609749
1609771
1609777
1609792
1609801
1609838
1609840
1609847
1609848
1609861
1609863
1609883
1609890
1609914
1609921
1609926
1609944
1609956
1609965
1609968
1609978
1609981
1609982
1609989
1610000
1610005
1610007
1610016
1610024
1610026
1610026
1610027
1610029
1610036
1610054
1610056
1610057
1610057
1610061
1610067
1610067
1610067
1610067
1610073
1610081
1610082
1610095
1610099
1610104
1610107
1610115
1610116
1610124
1610130
1610131
1610131
1610131
1610136
1610152
1610172
1610191
1610193
1610193
1610193
1610201
1610212
1610212
1610213
1610215
1610218
1610223
1610225
1610225
1610230
1610234
1610257
1610284
1610285
1610287
1610296
1610297
1610308
1610309
1610332
1610333
1610341
1610350
1610358
1610360
1610361
1610364
1610403
1610417
1610429
1610448
1610519
1610520
1610532
1610568
1610583
1610608
1610609
1610610
1610626
1610626
1610627
1610676
1610682
1610691
1610707
1610710
1610721
1610723
1610725
1610729
1610733
1610737
1610743
1610789
1610797
1610799
1610800
1610801
1610809
1610829
1610844
1610845
1610857
1610876
1610877
1610877
1610878
1610880
1610883
1610910
1610916
1610933
1610945
1610946
1610950
1610951
1610961
1610963
1610970
1610974
1610997
1611020
1611020
1611020
1611021
1611026
1611027
1611044
1611053
1611053
1611063
1611071
1611080
1611083
1611087
1611087
1611093
1611103
1611113
1611118
1611125
1611128
1611128
1611129
1611137
1611143
1611144
1611146
1611151
1611159
1611159
1611161
1611161
1611165
1611170
1611175
1611175
1611181
1611192
1611193
1611194
1611195
1611208
1611213
1611215
1611223
1611234
1611238
1611247
1611258
1611274
1611277
1611287
1611292
1611294
1611306
1611307
1611319
1611323
1611336
1611340
1611340
1611346
1611356
1611376
1611383
1611383
1611420
1611430
1611437
1611442
1611457
1611460
1611464
1611464
1611474
1611476
1611482
1611486
1611491
1611494
1611496
1611516
1611521
1611528
1611530
1611549
1611557
1611574
1611574
1611604
1611609
1611626
1611645
1611649
1611660
1611660
1611660
1611660
1611660
1611660
1611663
1611666
1611666
1611666
1611666
1611682
1611688
1611691
1611693
1611698
1611712
1611715
1611729
1611733
1611742
1611745
1611748
1611750
1611760
1611761
1611768
1611779
1611797
1611801
1611809
1611812
1611814
1611820
1611821
1611823
1611826
1611832
1611834
1611843
1611848
1611856
1611860
1611861
1611864
1611866
1611872
1611876
1611887
1611925
1611929
1611937
1611938
1611948
1611951
1611953
1611962
1611975
1611977
1611979
1611994
1611996
1612017
1612024
1612025
1612032
1612036
1612039
1612054
1612071
1612085
1612090
1612099
1612099
1612099
1612100
1612101
1612102
1612111
1612114
1612115
1612116
1612117
1612123
1612130
1612137
1612138
1612149
1612152
1612155
1612156
1612164
1612172
1612182
1612190
1612196
1612198
1612212
1612219
1612221
1612226
1612232
1612244
1612244
1612262
1612262
1612271
1612272
1612272
1612280
1612282
1612282
1612287
1612297
1612298
1612305
1612307
1612310
1612318
1612333
1612339
1612346
1612348
1612350
1612369
1612371
1612376
1612382
1612387
1612399
1612412
1612414
1612420
1612424
1612428
1612435
1612438
1612438
1612440
1612445
1612453
1612455
1612457
1612467
1612473
1612489
1612500
1612503
1612512
1612513
1612527
1612541
1612542
1612562
1612565
1612565
1612565
1612565
1612565
1612565
1612565
1612566
1612568
1612570
1612578
1612582
1612589
1612589
1612615
1612617
1612638
1612652
1612653
1612655
1612662
1612664
1612692
1612701
1612705
1612708
1612720
1612731
1612733
1612741
1612759
1612760
1612769
1612775
1612776
1612779
1612779
1612787
1612788
1612792
1612794
1612796
1612796
1612796
1612805
1612809
1612814
1612823
1612831
1612836
1612838
1612848
1612850
1612852
1612861
1612863
1612877
1612893
1612898
1612898
1612899
1612907
1612907
1612910
1612920
1612925
1612925
1612926
1612953
1612955
1612957
1612975
1612978
1612994
1612995
1612998
1613016
1613021
1613037
1613052
1613056
1613057
1613062
1613071
1613075
1613075
1613080
1613106
1613109
1613120
1613126
1613134
1613134
1613134
1613134
1613135
1613139
1613144
1613159
1613160
1613166
1613166
1613175
1613176
1613186
1613192
1613204
1613208
1613211
1613217
1613241
1613253
1613265
1613325
1613329
1613330
1613336
1613345
1613345
1613349
1613355
1613376
1613380
1613390
1613390
1613394
1613396
1613400
1613405
1613416
1613420
1613420
1613429
1613468
1613487
1613505
1613505
1613529
1613535
1613536
1613557
1613558
1613578
1613589
1613593
1613602
1613612
1613613
1613618
1613630
1613633
1613648
1613664
1613671
1613678
1613697
1613698
1613698
1613702
1613708
1613713
1613717
1613718
1613720
1613721
1613768
1613771
1613784
1613789
1613790
1613795
1613796
1613801
1613809
1613809
1613817
1613826
1613836
1613843
1613850
1613850
1613853
1613885
1613886
1613890
1613894
1613901
1613901
1613921
1613924
1613924
1613949
1613950
1613958
1613964
1613965
1613985
1613991
1614011
1614016
1614022
1614027
1614037
1614072
1614080
1614097
1614103
1614106
1614116
1614123
1614126
1614132
1614146
1614166
1614170
1614181
1614207
1614216
1614218
1614224
1614245
1614270
1614271
1614285
1614309
1614311
1614314
1614318
1614345
1614347
1614356
1614360
1614374
1614386
1614406
1614410
1614467
1614480
1614485
1614493
1614519
1614537
1614562
1614578
1614622
1614622
1614622
1614622
1614622
1614622
1614622
1614629
1614629
1614632
1614635
1614642
1614652
1614652
1614655
1614658
1614658
1614658
1614660
1614660
1614669
1614671
1614697
1614705
1614709
1614713
1614723
1614735
1614751
1614757
1614769
1614804
1614816
1614821
1614823
1614856
1614857
1614863
1614900
1614900
1614938
1614947
1614964
1614974
1614992
1614994
1615006
1615034
1615051
1615084
1615094
1615099
1615109
1615170
1615181
1615194
1615201
1615214
1615230
1615234
1615289
1615313
1615393
1615409
1615425
1615425
1615431
1615434
1615452
1615512
1615550
1615550
1615552
1615562
1615571
1615575
1615579
1615583
1615584
1615604
1615608
1615620
1615620
1615624
1615626
1615643
1615648
1615652
1615652
1615675
1615682
1615684
1615689
1615706
1615717
1615718
1615734
1615736
1615752
1615758
1615772
1615791
1615791
1615797
1615808
1615822
1615837
1615845
1615891
1615910
1615927
1615940
1615988
1615990
1616041
1616051
1616061
1616138
1616155
1616218
1616228
1616275
1616276
1616280
1616282
1616311
1616312
1616314
1616326
1616367
1616368
1616419
1616426
1616465
1616473
1616486
1616491
1616500
1616501
1616519
1616541
1616550
1616586
1616617
1616636
1616641
1616687
1616687
1616697
1616709
1616713
1616728
1616735
1616736
1616742
1616744
1616770
1616773
1616773
1616773
1616785
1616791
1616795
1616804
1616816
1616818
1616843
1616848
1616859
1616859
1616876
1616884
1616900
1616902
1616909
1616909
1616912
1616913
1616915
1616920
1616938
1616942
1616986
1616986
1616988
1617012
1617013
1617018
1617042
1617051
1617066
1617066
1617066
1617095
1617114
1617114
1617114
1617134
1617135
1617175
1617193
1617199
1617227
1617232
1617232
1617232
1617241
1617244
1617245
1617245
1617249
1617254
1617269
1617271
1617274
1617304
1617314
1617332
1617343
1617346
1617350
1617351
1617373
1617393
1617413
1617453
1617469
1617498
1617501
1617515
1617519
1617569
1617574
1617576
1617600
1617660
1617663
1617673
1617691
1617691
1617691
1617691
1617691
1617691
1617717
1617753
1617765
1617773
1617781
1617782
1617806
1617807
1617807
1617815
1617849
1617856
1617857
1617870
1617876
1617902
1617909
1617920
1617931
1617935
1617937
1617946
1617949
1617967
1617968
1617987
1618005
1618005
1618010
1618012
1618016
1618026
1618036
1618041
1618044
1618075
1618079
1618084
1618089
1618090
1618102
1618108
1618110
1618110
1618126
1618128
1618134
1618135
1618138
1618141
1618141
1618141
1618145
1618156
1618166
1618168
1618169
1618177
1618178
1618187
1618188
1618194
1618204
1618205
1618205
1618206
1618208
1618212
1618212
1618213
1618213
1618227
1618228
1618236
1618236
1618247
1618247
1618247
1618248
1618248
1618251
1618252
1618258
1618263
1618277
1618283
1618286
1618287
1618289
1618304
1618308
1618313
1618315
1618318
1618335
1618336
1618339
1618371
1618382
1618384
1618386
1618387
1618387
1618393
1618395
1618403
1618412
1618415
1618418
1618431
1618437
1618445
1618452
1618453
1618453
1618471
1618473
1618477
1618478
1618490
1618493
1618496
1618497
1618502
1618539
1618543
1618548
1618549
1618553
1618553
1618553
1618558
1618562
1618571
1618578
1618582
1618593
1618594
1618598
1618607
1618609
1618623
1618629
1618632
1618634
1618641
1618674
1618696
1618702
1618715
1618718
1618718
1618719
1618724
1618726
1618727
1618736
1618737
1618737
1618749
1618751
1618754
1618765
1618775
1618779
1618790
1618806
1618810
1618818
1618828
1618835
1618836
1618840
1618841
1618841
1618842
1618846
1618847
1618847
1618851
1618854
1618862
1618868
1618871
1618883
1618899
1618926
1618941
1618942
1618943
1618945
1618951
1618961
1618973
1618979
1618984
1618987
1618990
1618995
1618996
1619005
1619007
1619010
1619016
1619018
1619028
1619033
1619041
1619050
1619052
1619061
1619068
1619075
1619094
1619098
1619101
1619110
1619111
1619117
1619128
1619146
1619159
1619161
1619161
1619188
1619198
1619201
1619201
1619207
1619212
1619254
1619278
1619285
1619286
1619317
1619333
1619336
1619339
1619349
1619360
1619364
1619373
1619376
1619377
1619377
1619384
1619386
1619388
1619401
1619410
1619413
1619416
1619419
1619421
1619425
1619429
1619439
1619453
1619461
1619461
1619464
1619467
1619467
1619467
1619469
1619478
1619486
1619486
1619499
1619500
1619504
1619511
1619511
1619527
1619527
1619536
1619538
1619542
1619545
1619550
1619550
1619552
1619557
1619563
1619573
1619593
1619595
1619600
1619619
1619621
1619630
1619630
1619636
1619643
1619644
1619656
1619660
1619666
1619674
1619686
1619696
1619697
1619702
1619707
1619714
1619715
1619724
1619744
1619763
1619774
1619774
1619778
1619778
1619781
1619791
1619794
1619822
1619830
1619830
1619844
1619846
1619854
1619854
1619864
1619864
1619869
1619870
1619871
1619881
1619891
1619892
1619895
1619896
1619904
1619904
1619908
1619912
1619914
1619925
1619935
1619938
1619942
1619947
1619951
1619952
1619955
1619957
1619975
1619977
1619995
1619996
1620004
1620019
1620023
1620036
1620041
1620044
1620063
1620076
1620087
1620100
1620120
1620129
1620132
1620135
1620136
1620136
1620157
1620163
1620184
1620198
1620205
1620223
1620229
1620239
1620257
1620263
1620296
1620310
1620318
1620324
1620352
1620379
1620385
1620391
1620396
1620404
1620404
1620413
1620428
1620429
1620435
1620452
1620462
1620464
1620470
1620472
1620478
1620480
1620491
1620500
1620502
1620509
1620521
1620544
1620546
1620547
1620552
1620565
1620575
1620580
1620584
1620585
1620592
1620621
1620626
1620632
1620640
1620644
1620645
1620645
1620645
1620645
1620645
1620645
1620645
1620681
1620681
1620684
1620687
1620693
1620704
1620708
1620712
1620741
1620751
1620754
1620783
1620790
1620819
1620829
1620834
1620850
1620856
1620861
1620868
1620876
1620877
1620900
1620900
1620907
1620922
1620943
1620944
1620947
1620950
1620962
1620968
1620977
1620977
1620983
1620986
1620988
1621009
1621016
1621017
1621023
1621026
1621033
1621035
1621049
1621058
1621069
1621075
1621076
1621081
1621095
1621098
1621109
1621113
1621120
1621126
1621134
1621141
1621144
1621144
1621162
1621162
1621187
1621226
1621250
1621271
1621292
1621292
1621301
1621302
1621302
1621311
1621328
1621332
1621350
1621357
1621361
1621362
1621362
1621386
1621393
1621401
1621417
1621418
1621423
1621439
1621442
1621454
1621465
1621478
1621478
1621501
1621502
1621516
1621524
1621550
1621585
1621602
1621606
1621613
1621632
1621647
1621672
1621701
1621711
1621713
1621725
1621772
1621790
1621792
1621805
1621847
1621848
1621917
1621924
1621925
1621926
1621931
1621935
1621955
1621982
1622020
1622048
1622063
1622083
1622091
1622098
1622099
1622130
1622134
1622139
1622139
1622142
1622145
1622164
1622176
1622200
1622204
1622232
1622235
1622238
1622249
1622259
1622277
1622290
1622293
1622297
1622334
1622345
1622353
1622357
1622380
1622393
1622421
1622423
1622442
1622446
1622463
1622474
1622474
1622481
1622521
1622538
1622544
1622581
1622592
1622614
1622633
1622638
1622649
1622657
1622658
1622670
1622714
1622724
1622753
1622759
1622765
1622804
1622816
1622856
1622862
1622868
1622880
1622887
1622915
1622973
1622975
1622978
1622981
1622987
1622993
1623014
1623032
1623045
1623073
1623075
1623084
1623134
1623150
1623173
1623188
1623190
1623197
1623218
1623220
1623221
1623232
1623261
1623294
1623316
1623333
1623356
1623377
1623405
1623410
1623415
1623415
1623415
1623430
1623452
1623456
1623458
1623483
1623500
1623522
1623572
1623574
1623577
1623585
1623611
1623613
1623633
1623638
1623640
1623698
1623744
1623749
1623750
1623762
1623777
1623787
1623805
1623814
1623827
1623830
1623833
1623843
1623849
1623858
1623862
1623882
1623883
1623897
1623902
1623922
1623923
1623925
1623932
1623933
1623936
1623937
1623944
1623964
1623975
1623975
1624000
1624010
1624036
1624040
1624049
1624060
1624083
1624100
1624131
1624139
1624141
1624144
1624175
1624188
1624191
1624198
1624198
1624209
1624220
1624228
1624230
